lat1=[ 39.94461
39.9446
39.9446
39.94459
39.94458
39.94457
39.94457
40.07482
39.87704
39.94456
39.94455
39.94456
39.94457
39.94458
39.94458
39.94459
39.9446
39.9446
39.94461
39.94461
39.9446
39.9446
39.94459
39.94458
39.94456
39.94454
39.94453
39.94452
39.94452
39.94453
39.94453
39.94453
39.94454
39.94454
39.94454
39.94454
39.94454
39.94454
39.94453
39.94451
39.94448
39.94444
39.94441
39.94438
39.94434
39.94431
39.94429
39.94427
39.94425
39.94423
39.9442
39.94416
39.94412
39.94405
39.94403
39.94402
39.94401
39.944
39.944
39.94399
39.94399
39.94398
39.94397
39.94395
39.94393
39.94392
39.9439
39.94389
39.94388
39.94388
39.94387
39.94387
39.94386
39.94384
39.94384
39.94382
39.9438
39.9438
39.94379
39.94378
39.94377
39.94376
39.94375
39.94374
39.94371
39.94368
39.94365
39.94361
39.94358
39.94353
39.94347
39.9434
39.94332
39.94324
39.94315
39.94306
39.94297
39.94278
39.94269
39.9425
39.94241
39.94222
39.94213
39.94197
39.94189
39.94181
39.94171
39.94096
39.94087
39.94077
39.94067
39.94057
39.94048
39.94038
39.94028
39.94019
39.94009
39.93998
39.93988
39.93977
39.93968
39.93959
39.9395
39.93941
39.93932
39.93923
39.93913
39.93905
39.93897
39.93889
39.93882
39.93876
39.9387
39.93865
39.9386
39.93854
39.93848
39.93841
39.93834
39.93826
39.93818
39.93809
39.938
39.93791
39.93782
39.93773
39.93764
39.93755
39.9373
39.93723
39.93716
39.9371
39.93703
39.93697
39.93691
39.93684
39.93678
39.93672
39.93665
39.93658
39.9365
39.93642
39.93634
39.93625
39.93616
39.93607
39.93598
39.9359
39.93582
39.93574
39.93565
39.93557
39.93549
39.93541
39.93533
39.93525
39.93516
39.93507
39.93497
39.93487
39.93476
39.93466
39.93455
39.93444
39.93434
39.93423
39.93413
39.91409
39.90964
39.90964
39.90963
39.90962
39.9096
39.90959
39.90958
39.90957
39.90956
39.90955
39.90955
39.90954
39.90954
39.90953
39.90953
39.90953
39.90629
39.90626
39.90622
39.90618
39.90615
39.90606
39.90605
39.90605
39.90605
39.90605
39.90605
39.90606
39.90607
39.90609
39.90617
39.90616
39.90617
39.90617
39.90615
39.90615
39.90616
39.90618
39.90617
39.90617
39.90617
39.90617
39.90617
39.90617
39.90617
39.90618
39.90617
39.90617
39.90617
39.90618
39.90619
39.90618
39.90618
39.90618
39.90615
39.90615
39.90615
39.90615
39.90613
39.90613
39.90612
39.90612
39.90613
39.90613
39.90613
39.90614
39.90614
39.90614
39.90614
39.90614
39.90615
39.90615
39.90614
39.90614
39.90615
39.90614
39.9056
39.90538
39.90521
39.90496
39.90459
39.9044
39.9043
39.9042
39.90382
39.90377
39.90374
39.9037
39.90368
39.90366
39.90365
39.90366
39.90366
39.90366
39.90366
39.90367
39.90367
39.90367
39.90367
39.90367
39.90368
39.90368
39.90368
39.90369
39.90369
39.90369
39.90369
39.9037
39.9037
39.9037
39.9037
39.9037
39.9037
39.9037
39.9037
39.90371
39.90371
39.90371
39.9037
39.90367
39.90363
39.90358
39.90352
39.90345
39.90339
39.90332
39.90326
39.90321
39.90316
39.90307
39.90302
39.90292
39.90286
39.90262
39.90258
39.90251
39.90251
39.90251
39.90251
39.90251
39.90251
39.90251
39.90252
39.90252
39.90253
39.90253
39.90253
39.90253
39.90253
39.90254
39.90255
39.90256
39.90257
39.90256
39.90256
39.90259
39.9026
39.90261
39.90262
39.90262
39.90262
39.90262
39.90262
39.96965
39.9026
39.9026
39.90259
39.9026
39.9026
39.9026
39.9026
39.9026
39.9026
39.9026
39.9026
39.90261
39.90261
39.90262
39.90262
39.90263
39.90263
39.90263
39.90263
39.90262
39.90262
39.90262
39.90263
39.90263
39.90263
39.90264
39.90264
39.90262
39.9026
39.9026
39.9026
39.90261
39.90261
39.90261
39.90261
39.90262
39.90261
39.90261
39.90261
39.90261
39.90261
39.90261
39.90261
39.90261
39.90263
39.90263
39.90263
39.90263
39.90262
39.90263
39.90263
39.90263
39.90262
39.90261
39.90259
39.90259
39.90259
39.90259
39.90259
39.90259
39.90259
39.9026
39.9026
39.90259
39.9026
39.90262
39.90262
39.90169
39.90147
39.90136
39.90074
39.90053
39.90033
39.90023
39.90012
39.89948
39.89937
39.89926
39.89914
39.89901
39.89777
39.89764
39.89612
39.89612
39.89612
39.89611
39.89611
39.89612
39.89612
39.89613
39.89611
39.89607
39.89498
39.89488
39.89477
39.89465
39.89453
39.89442
39.8943
39.89418
39.89407
39.89396
39.89384
39.89373
39.89362
39.89351
39.8934
39.89328
39.89316
39.89304
39.89293
39.89282
39.89273
39.89265
39.89258
39.89251
39.89244
39.89238
39.8923
39.89223
39.89214
39.89206
39.89197
39.8918
39.89164
39.89155
39.89135
39.89125
39.89102
39.89091
39.8908
39.89068
39.89057
39.89047
39.89038
39.89029
39.89022
39.89016
39.89011
39.89005
39.89
39.88996
39.88988
39.88987
39.88987
39.88986
39.88986
39.88986
39.88985
39.88983
39.8898
39.88978
39.88974
39.8897
39.88966
39.88956
39.8895
39.88945
39.88939
39.88919
39.8889
39.88869
39.88831
39.88831
39.88831
39.88831
39.88831
39.88832
39.88832
39.88832
39.88832
39.88832
39.88829
39.88786
39.8874
39.88735
39.88729
39.88723
39.88717
39.88712
39.88708
39.88704
39.88701
39.88697
39.88695
39.88691
39.88689
39.88686
39.88683
39.88679
39.88675
39.8867
39.88664
39.88658
39.88652
39.88647
39.88641
39.88635
39.8863
39.88624
39.88619
39.88613
39.88596
39.8859
39.88583
39.88577
39.8857
39.88563
39.88544
39.88534
39.88507
39.88499
39.88454
39.88449
39.88444
39.88439
39.88434
39.8843
39.88422
39.88418
39.88413
39.88397
39.88387
39.88377
39.88372
39.88366
39.88361
39.88357
39.88355
39.88347
39.88341
39.88336
39.88331
39.8832
39.88306
39.88296
39.88286
39.88276
39.88263
39.8825
39.88244
39.88236
39.8815
39.8815
39.8815
39.88151
39.88152
39.88152
39.88153
39.88153
39.88153
39.88154
39.88155
39.88145
39.88142
39.88137
39.88134
39.8813
39.88127
39.88126
39.88129
39.8813
39.88131
39.88132
39.88126
39.88124
39.88121
39.88118
39.88115
39.88114
39.88114
39.88113
39.88112
39.88113
39.88115
39.88115
39.88116
39.88117
39.88116
39.88118
39.88119
39.8812
39.88134
39.88135
39.88134
39.88133
39.88131
39.8813
39.88129
39.88129
39.88127
39.88126
39.88124
39.88123
39.88122
39.88122
39.8812
39.88118
39.88126
39.88137
39.88143
39.88141
39.88142
39.88144
39.88146
39.88147
39.88147
39.88149
39.8815
39.88155
39.88157
39.8816
39.88162
39.88167
39.88171
39.88175
39.88179
39.88183
39.88187
39.88191
39.88199
39.88202
39.88205
39.8821
39.88214
39.88238
39.88241
39.88255
39.88258
39.88262
39.88266
39.8827
39.88273
39.8828
39.88284
39.88289
39.88293
39.88298
39.88313
39.88317
39.88332
39.88338
39.88343
39.88358
39.88363
39.88367
39.88383
39.88398
39.88403
39.88412
39.88416
39.8842
39.88423
39.88426
39.88429
39.88438
39.88444
39.88457
39.88469
39.88475
39.88487
39.88501
39.88515
39.88528
39.88543
39.88555
39.88576
39.88583
39.88597
39.8861
39.88635
39.88656
39.88672
39.8868
39.88687
39.88702
39.8871
39.88717
39.88739
39.88745
39.88751
39.88757
39.88767
39.88771
39.88775
39.88779
39.88783
39.88787
39.88791
39.88794
39.88796
39.88798
39.88801
39.88799
39.888
39.88805
39.88808
39.8881
39.88814
39.88816
39.88818
39.88819
39.8882
39.88821
39.88821
39.88821
39.8882
39.88818
39.88818
39.8882
39.88824
39.88826
39.88827
39.88829
39.8883
39.88829
39.88829
39.88829
39.88829
39.8883
39.8883
39.8883
39.8883
39.8883
39.8883
39.8883
39.8883
39.8883
39.88829
39.88829
39.88828
39.88828
39.88828
39.88828
39.88828
39.88828
39.88828
39.88827
39.88826
39.88826
39.88826
39.88826
39.88826
39.88826
39.88826
39.88827
39.88827
39.88828
39.88829
39.88829
39.8883
39.88831
39.88831
39.88831
39.88831
39.88832
39.88832
39.88834
39.88835
39.88835
39.88834
39.88834
39.88835
39.88836
39.88836
39.88837
39.88837
39.88837
39.88838
39.88837
39.88836
39.88835
39.88835
39.88835
39.88835
39.88834
39.88834
39.88834
39.88834
39.88833
39.88833
39.88834
39.88834
39.88836
39.88838
39.88841
39.88845
39.88851
39.88858
39.88883
39.88892
39.88902
39.88912
39.88948
39.8896
39.88972
39.88984
39.88995
39.89006
39.89028
39.89039
39.89062
39.89074
39.89085
39.89097
39.89109
39.89122
39.89135
39.89147
39.8916
39.89174
39.89187
39.89214
39.89241
39.89255
39.89269
39.89283
39.89298
39.89326
39.8934
39.89353
39.89366
39.89392
39.89438
39.89448
39.89457
39.89466
39.89475
39.89483
39.89499
39.89506
39.89512
39.89523
39.89527
39.89531
39.89534
39.89536
39.89537
39.89537
39.89538
39.89539
39.89539
39.8954
39.89543
39.89547
39.89551
39.89555
39.89561
