lat1=[ 39.90732
39.90729
39.90725
39.90722
39.90722
39.90725
39.9076
39.9077
39.9076
39.90767
39.90771
39.90758
39.90753
39.90758
39.90766
39.90763
39.90754
39.9075
39.90742
39.90736
39.90733
39.90733
39.90743
39.90743
39.9074
39.9074
39.90733
39.90732
39.90731
39.90727
39.90726
39.90722
39.90724
39.90724
39.90726
39.90729
39.90733
39.90736
39.90747
39.90754
39.90755
39.90759
39.90742
39.90736
39.90736
39.90735
39.90738
39.9074
39.90746
39.90773
39.90816
39.90876
39.90932
39.90987
39.91052
39.9111
39.91144
39.91153
39.91152
39.91153
39.91165
39.91194
39.91243
39.91303
39.9137
39.91448
39.91585
39.91598
39.91591
39.9159
39.91589
39.91588
39.91588
39.91597
39.91629
39.91669
39.91709
39.9174
39.9177
39.91774
39.91769
39.91774
39.91776
39.9179
39.91775
39.91778
39.91752
39.91706
32.36623
39.91702
39.91712
39.9173
39.91743
39.91747
39.91748
39.91773
39.91764
39.91702
39.91659
39.91649
39.91829
39.91827
39.91798
39.91744
39.91675
39.91615
39.91472
39.91453
39.91345
39.91193
39.91186
39.91128
39.91095
39.91098
39.91106
39.9108
39.91063
39.91035
39.9101
39.90986
39.90977
39.90964
39.90941
39.90914
39.90913
39.90902
39.9088
39.90801
39.90758
39.90742
39.90804
39.9081
39.90808
39.90808
39.90808
39.90779
39.90791
39.90823
39.90876
39.90905
39.90904
39.90901
39.90877
39.90851
39.90822
39.90806
39.90808
39.90779
39.90754
39.90746
39.90734
39.90697
39.90667
39.90644
39.90613
39.90591
39.90565
39.90532
39.90504
39.90479
39.90464
39.90331
39.90337
39.90355
39.90378
39.90547
39.90543
39.90534
39.90541
39.90537
39.90534
39.90538
39.90539
39.90539
39.90531
39.90538
39.90538
39.90537
39.90531
39.90527
39.90521
39.90524
39.9053
39.90531
39.89774
39.89743
39.89731
39.89736
39.89742
39.89752
39.89764
39.89768
39.89769
39.89767
39.89774
39.89784
39.89779
39.89776
39.8979
39.89803
39.89799
39.89796
39.89771
39.89767
39.89769
39.8977
39.89771
39.89772
39.89771
39.89771
39.89773
39.8977
39.89775
39.89773
39.89785
39.89796
39.89774
39.89771
39.89784
39.89782
39.89783
39.89773
39.89763
39.89755
39.89757
39.89746
39.89744
39.89761
39.89763
39.89761
39.89767
39.89759
39.89715
39.89603
39.89526
39.8947
39.89404
39.89331
39.89208
39.89145
39.89069
39.88998
39.88929
39.88856
39.88775
39.88688
39.88599
39.88506
39.88414
39.88324
39.88244
39.8816
39.88078
39.88009
39.87931
39.87852
39.87774
39.8751
39.87413
39.87312
39.87209
39.87104
39.87003
39.86917
39.8684
39.86758
39.86677
39.8659
39.86539
39.86508
39.86486
39.86464
39.86444
39.86418
39.86411
39.86404
39.86387
39.8637
39.86356
39.8634
39.86317
39.86288
39.86261
39.86231
39.86213
39.86195
39.86172
39.86153
39.8613
39.86105
39.86099
39.86132
39.86166
39.86161
39.86121
39.86072
39.86017
39.85959
39.85896
39.85345
39.85274
39.85204
39.85052
39.84976
39.84899
39.84821
39.84744
39.84664
39.84594
39.84519
39.84446
39.84372
39.84292
39.84213
39.84131
39.84069
39.84039
39.84012
39.8397
39.83864
39.83809
39.83753
39.83687
39.83626
39.83561
39.835
39.83448
39.83401
39.83296
39.83262
39.83239
39.83222
39.83205
39.83191
39.8318
39.83167
39.83154
39.8314
39.83128
39.83116
39.83103
39.83094
39.83091
39.83092
39.83091
39.83094
39.831
39.83105
39.83108
39.83107
39.83104
39.831
39.83099
39.83096
39.83092
39.83095
39.83095
39.83095
39.83096
39.83096
39.83098
39.83098
39.83098
39.83097
39.83097
39.83099
39.831
39.831
39.831
39.83101
39.83105
39.83108
39.8311
39.83114
39.8312
39.83122
39.83123
39.83147
39.83157
39.83154
39.83135
39.83028
39.8301
39.82984
39.8295
39.82914
39.82868
39.82748
39.82693
39.82643
39.82585
39.82521
39.82484
39.82492
39.82514
39.82531
39.82541
39.82514
39.82434
39.82394
39.82341
39.82286
39.82233
39.82115
39.82034
39.81963
39.81885
39.8182
39.81782
39.81661
39.81599
39.81544
39.81412
39.81364
39.81288
39.81249
39.81218
39.81147
39.81085
39.81015
39.80914
39.80769
39.80703
39.80637
39.80568
39.80525
39.80516
39.80512
39.80484
39.80465
39.80444
39.80435
39.80431
39.80426
39.80414
39.80381
39.80344
39.80288
39.80231
39.80182
39.80158
39.80152
39.80129
39.80098
39.80091
39.80077
39.80034
39.7999
39.79943
39.79902
39.79807
39.79748
39.79684
39.79514
39.79513
39.91963
39.79446
39.794
39.79344
39.79275
39.79232
39.79203
39.79174
39.79157
39.7914
39.79134
39.79108
39.79066
39.79055
39.79037
39.79001
39.7897
39.78941
39.78933
39.78931
39.7893
39.78929
39.78929
39.78929
39.78919
39.78908
39.78906
39.78919
39.78937
39.78966
39.78992
39.79
39.79025
39.79037
39.79042
39.79047
39.79075
39.79119
39.79161
39.79207
39.79257
39.79308
39.79355
39.79403
39.7944
39.79467
39.79487
39.79512
39.79519
39.79516
39.79516
39.79525
39.79551
39.79596
39.7963
39.79674
39.79766
39.79813
39.79906
39.79951
39.79997
39.80041
39.80071
39.80086
39.80102
39.80128
39.80136
39.80135
39.80145
39.80152
39.80153
39.8016
39.80164
39.80166
39.80166
39.80166
39.80164
39.80163
39.80162
39.80162
39.80161
39.80161
39.8016
39.8016
39.80169
39.80174
39.80175
39.80175
39.80175
39.80177
39.80187
39.80189
39.80188
39.80188
39.80189
39.80189
39.8019
39.80213
39.80231
39.80247
39.80264
39.80279
39.80292
39.80312
39.80331
39.80345
39.80351
39.8035
39.8035
39.80351
39.80354
39.80357
39.8036
39.80365
39.80369
39.80373
39.80376
39.80377
39.80379
39.8038
39.80383
39.80385
39.80385
39.8039
39.80389
39.80371
39.80345
39.80306
39.8026
39.80218
39.80205
39.80205
39.80204
39.80196
39.80188
39.80188
39.80187
39.80178
39.80165
39.8015
39.80143
39.8015
39.80167
39.80137
39.80141
39.80114
39.80126
39.80137
39.80186
39.80196
39.80201
39.80202
39.80202
39.80206
39.80206
39.80215
39.80219
39.80226
39.80227
39.80229
39.8023
39.80231
39.80234
39.80235
39.80237
39.80237
39.80237
39.80239
39.80245
39.80256
39.80264
39.80272
39.80285
39.80293
39.80301
39.80308
39.80312
39.80317
39.80315
39.8032
39.80326
39.80335
39.80335
39.80331
39.80331
39.80334
39.80344
39.80351
39.80342
39.80315
39.80305
39.8036
39.80373
39.80422
39.80437
39.80487
39.80491
39.80492
39.80492
39.80491
39.80491
39.80497
39.80511
39.80531
39.80559
39.80591
39.8063
39.8067
39.80708
39.80753
39.80787
39.80817
39.80834
39.80837
39.80845
39.80844
39.80842
39.80839
39.80839
39.80838
39.80838
39.80824
39.80793
39.80746
39.80704
39.80666
39.80642
39.80632
39.80632
39.80648
39.80649
39.80649
39.8065
39.8065
39.80651
39.80652
39.80653
39.80595
39.80594
39.80594
39.80597
39.80602
39.80607
39.8061
39.80613
39.80616
39.80617
39.80618
39.80619
39.80621
39.80623
39.80626
39.80627
39.80628
39.80629
39.80629
39.80631
39.80632
39.80633
39.80633
39.80634
39.80635
39.80636
39.80636
39.80637
39.80638
39.80639
39.80639
39.8064
39.80641
39.80641
39.80642
39.80642
39.80643
39.80643
39.80643
39.80644
39.80644
39.80645
39.80646
39.80647
39.80648
39.80649
39.80649
39.80679
39.80673
39.80669
39.80666
39.80663
39.80661
39.80659
39.80658
39.80657
39.80656
39.80655
39.80654
39.80653
39.80652
39.80652
39.80652
39.80652
39.80652
39.80628
39.80628
39.80629
39.8063
39.80631
39.80631
39.80632
39.80633
39.80634
39.80635
39.80635
39.80636
39.80636
39.80637
39.80637
39.80638
39.80638
39.80637
39.80639
39.80639
39.8064
39.8064
39.80641
39.80644
39.80645
39.80674
39.80675
39.80674
39.80673
39.80672
39.80671
39.80671
39.8067
39.80609
39.80625
39.80675
39.80674
39.80571
39.80572
39.80573
39.80573
39.80574
39.80575
39.80576
39.80622
39.80621
39.80621
39.80692
39.80682
39.80681
39.80681
39.80657
39.80659
39.80661
39.80662
39.80662
39.80661
39.80661
39.80659
39.80658
39.80657
39.80655
39.80653
39.80654
39.80653
39.80651
39.80652
39.80652
39.80654
39.80654
39.80655
39.80656
39.80656
39.80657
39.80658
39.80655
39.80652
39.80651
39.80651
39.8065
39.80649
39.80607
39.80608
39.80611
39.80617
39.80682
39.80679
39.80673
39.80666
39.8066
39.80658
39.80657
39.80656
39.80653
39.8065
39.80647
39.80646
39.80645
39.80645
39.80644
39.80644
39.80643
39.80643
39.80646
39.80554
39.80555
39.80556
39.80648
39.80647
39.80647
39.80604
39.80603
39.80601
39.80596
39.80594
39.80598
39.806
39.80602
39.80603
39.80604
39.80605
39.80607
39.80608
39.80609
39.80611
39.80613
39.80615
39.80615
39.80616
39.80617
39.80618
39.80619
39.8062
39.80621
39.80622
39.80623
39.80624
39.80625
39.80626
39.80626
39.80626
