lat1=[ 39.94262
39.94263
39.94263
39.94263
39.94265
39.9427
39.94257
39.94252
39.94251
39.94251
39.94263
39.94279
39.94298
39.94327
39.94344
39.94343
39.94342
39.94338
39.9434
39.94337
39.94336
39.94335
39.9433
39.94332
39.94333
39.94331
39.94332
39.94328
39.94277
39.94276
39.94267
39.94245
39.94234
39.94226
39.94237
39.94242
39.94249
39.94256
39.94251
39.94247
39.9425
39.94255
39.94262
39.94275
39.94288
39.92082
39.92083
39.92083
39.92084
39.92081
39.92078
39.92075
39.92073
39.92071
39.92072
39.92076
39.92082
39.92084
39.92095
39.92116
39.92139
39.92162
39.92167
39.92167
39.92166
39.92166
39.92182
39.92203
39.92224
39.92237
39.92242
39.92248
39.92247
39.92246
39.92246
39.92246
39.92246
39.92246
39.92246
39.92245
39.92245
39.92246
39.91046
39.91045
39.91045
39.91046
39.86989
39.86989
39.86988
39.86986
39.86986
39.86985
39.86985
39.89068
39.89108
39.89181
39.896
39.89599
39.89599
39.89599
39.89599
39.89601
39.89602
39.89601
39.89602
39.89601
39.89601
39.90921
39.9092
39.90916
39.90914
39.90921
39.90922
39.90923
39.90925
39.90927
39.90926
39.90923
39.90921
39.90919
39.90921
39.90922
39.90922
39.90922
39.90924
39.90926
39.90923
39.90923
39.90921
39.9092
39.90913
39.90899
39.90859
39.90628
39.90626
39.90625
39.90624
39.9062
39.90622
39.90622
39.90622
39.90622
39.90621
39.9062
39.9062
39.90615
39.90615
39.90615
39.90615
39.90615
39.90615
39.90615
39.90601
39.90599
39.90599
39.90602
39.90603
39.90599
39.90599
39.90598
39.90593
39.90568
39.90533
39.90497
39.90487
39.90483
39.90473
39.90458
39.90617
39.90616
39.90618
39.90619
39.90619
39.90627
39.90663
39.9346
39.93461
39.93459
39.93459
39.92462
39.92461
39.9246
39.92459
39.9307
39.93078
39.93113
39.93167
39.93227
39.9328
39.93323
39.93369
39.93419
39.93468
39.93534
39.93595
39.93651
39.93706
39.93757
39.93806
39.93854
39.93903
39.93951
39.94002
39.94059
39.94115
39.94165
39.9421
39.94247
39.95368
39.9537
39.95372
39.9537
39.95327
39.95284
39.95225
39.95161
39.93984
39.93984
39.93983
39.93982
39.93969
39.9397
39.93972
39.93975
39.93979
39.93977
39.93948
39.93106
39.93105
39.93106
39.93106
39.92682
39.9172
39.91731
39.91763
39.91795
39.91828
39.91905
39.91939
39.93089
39.9309
39.9309
39.93091
39.93093
39.93094
39.93093
39.93094
39.93095
39.93201
39.93201
39.93201
39.93201
39.93201
39.93202
39.93201
39.93201
39.93201
39.93201
39.93201
39.932
39.93201
39.93204
39.93218
39.93242
39.93271
39.93284
39.93287
39.93287
39.93294
39.93316
39.9335
39.9394
39.9394
39.9394
39.93941
39.93941
39.93941
39.93942
39.93942
39.93941
39.93941
39.9394
39.93939
39.93939
39.9394
39.93942
39.93943
39.93943
39.93944
39.93944
39.93944
39.93944
39.93944
39.93945
39.93548
39.93386
39.9346
39.93496
39.93522
39.93539
39.93553
39.93561
39.93561
39.94777
39.98578
39.98576
39.98574
39.98572
39.98573
39.98571
39.98567
39.98565
39.99906
39.99909
39.98893
39.98892
39.98893
39.98892
39.98892
39.98892
39.98891
40.00384
40.00413
40.00459
40.00485
40.03202
40.03233
40.0329
40.03356
40.03422
40.03489
40.03555
40.03615
40.03669
40.08291
40.08292
40.08293
40.08294
40.08293
40.08277
40.08276
40.08277
40.08278
40.08291
40.07236
40.07236
40.07235
40.07236
40.07237
40.07238
40.07239
40.07239
40.0724
40.07238
40.07237
40.08146
40.0815
40.08184
40.08231
40.08282
40.08332
40.07227
40.05205
40.01325
40.01311
40.01283
40.01229
40.01186
40.01167
40.01156
40.01144
40.0113
40.01112
40.0109
40.01056
40.01009
40.00951
40.00881
40.00803
40.00719
40.00634
40.00553
40.00471
40.00392
40.00323
40.00268
40.0023
40.00208
40.00195
40.00188
40.00184
40.00179
40.00175
40.0017
40.00166
40.00161
40.00156
40.00151
40.00141
40.00125
40.00102
39.84414
39.84415
39.84415
39.84306
39.84298
39.8427
39.84231
39.8419
39.73883
39.73816
39.73732
39.72167
39.72163
39.75899
39.75901
39.75903
39.75903
39.75903
39.75903
39.75903
39.75904
39.75904
39.75903
39.75901
39.759
39.75899
39.75899
39.75899
39.75899
39.759
39.75898
39.75892
39.75891
39.7589
39.75889
39.75889
39.75889
39.75888
39.75887
39.75886
39.75904
39.75903
39.75903
39.75901
39.759
39.75898
39.75899
39.75898
39.75897
39.75896
39.75895
39.75894
39.75893
39.75893
39.75892
39.75891
39.75907
39.75908
39.75907
39.75908
39.75909
39.7591
39.75909
39.75909
39.7591
39.75912
39.75914
39.75915
39.75918
39.75921
39.75925
39.75918
39.75916
39.75914
39.75914
39.75916
39.75917
39.75918
39.759
39.75902
39.75901
39.759
39.75895
39.75896
39.75903
39.75903
39.75904
39.75904
39.75904
39.75904
39.75905
39.75905
39.75906
39.75906
39.75907
39.75907
39.75907
39.75907
39.75906
39.75905
39.75903
39.75903
39.759
39.75901
39.75897
39.75896
39.759
39.759
39.75891
39.75892
39.7591
39.75909
39.75909
39.75917
39.75917
39.75918
39.75919
39.7592
39.75921
39.75922
39.75923
39.75924
39.75925
39.7593
39.7593
39.7593
39.7593
39.75931
39.75931
39.75932
39.75933
39.75932
39.75933
39.75932
39.7593
39.75928
39.75926
39.75925
39.75925
39.75924
39.75923
39.75922
39.75921
39.7592
39.75919
39.75918
39.75918
39.75917
39.75915
39.7591
39.7591
39.75911
39.75911
39.75911
39.7591
39.75909
39.75911
39.7591
39.75909
39.75908
39.75907
39.75906
39.75905
39.75905
39.75905
39.75906
39.75906
39.75905
39.75904
39.75902
39.75902
39.75902
39.75902
39.75903
39.75903
39.75901
39.75901
39.75902
39.75902
39.75902
39.75913
39.75913
39.75913
39.75912
39.75912
39.75912
39.75912
39.75911
39.75909
39.75908
39.75901
39.75903
39.75904
39.75904
39.75899
39.759
39.75899
39.75899
39.759
39.75901
39.759
39.75899
39.75898
39.75904
39.75906
39.75907
39.75902
39.75901
39.759
39.75899
39.75898
39.75899
39.75908
39.75907
39.75908
39.75898
40.0862
39.75897
39.75915
39.75915
39.75915
39.75916
39.75917
39.75918
39.75
39.75917
39.75917
39.75916
39.75915
39.75915
39.75914
39.75914
39.75916
39.75914
39.75914
39.75913
39.75912
39.75898
39.75897
39.75896
39.75895
39.75895
39.75896
39.75897
39.75897
39.75898
39.75898
39.75899
39.75897
39.75897
39.75897
39.75897
39.75898
39.75898
39.759
39.75899
39.75899
39.75899
39.75898
39.75897
39.75896
39.75895
39.75894
39.75894
39.75893
39.75892
39.75891
39.75892
39.75893
39.75893
39.75894
39.75894
39.75893
39.75895
39.75896
39.75897
39.75898
39.75897
39.75899
39.75899
39.75894
39.75893
39.75892
39.75891
39.7589
39.7589
39.75889
39.75889
39.7589
39.7589
39.75891
39.75891
39.75893
39.75894
39.75895
39.75901
39.75902
39.75903
39.75904
39.75903
39.75903
39.75903
39.75903
39.75902
39.75902
39.75902
39.75902
39.75902
39.75903
39.75904
39.75904
39.75904
39.75898
39.75888
39.75887
39.75887
39.75888
39.7589
39.75891
39.75891
39.75891
39.75891
39.75891
39.75892
39.75893
39.75894
39.75895
39.75892
39.75891
39.7589
39.75889
39.75887
39.75886
39.75887
39.75887
39.75888
39.75889
39.75889
39.75889
39.7589
39.7589
39.75891
39.75889
39.75889
39.75888
39.75887
39.75887
39.75889
39.7589
39.7589
39.75891
39.75892
39.75893
39.75894
39.75895
39.75895
39.75896
39.75894
39.75892
39.75893
39.75893
39.75894
39.75894
39.75893
39.75892
39.75891
39.75891
39.75893
39.75893
39.75893
39.75889
39.75888
39.75887
39.75888
39.75887
39.75886
39.75888
39.7589
39.7589
39.75891
39.75894
39.75895
39.75896
39.75897
39.75897
39.75898
39.75899
39.759
39.75909
39.75908
39.75908
39.7591
39.75908
39.75912
39.75911
39.75911
39.759
39.75901
39.75901
39.759
39.759
39.75901
39.75899
39.75905
39.75896
39.75901
39.759
39.75899
39.75899
39.759
39.75901
39.75902
39.75902
39.759
39.75898
39.75897
39.75897
39.75901
39.75904
39.75905
39.75905
39.75904
39.75904
39.75905
39.75905
39.75902
39.759
39.75899
39.75897
39.75896
39.75895
39.75895
39.75898
39.75899
40.10908
39.759
39.759
39.75901
39.75901
39.75902
39.75898
39.75896
39.759
39.75899
39.75901
39.75903
39.75902
39.75901
39.75898
39.75898
39.75904
39.75901
39.75902
39.75902
39.75906
39.75894
39.75893
39.75894
39.75895
39.759
39.75898
39.75897
39.75894
39.75893
39.75893
39.75892
39.75895
39.75896
39.75898
39.75899
39.75902
39.75907
39.75908
39.7591
39.75912
39.75911
39.7591
39.75909
39.75904
39.75904
39.75905
39.75906
39.75908
39.75908
39.75909
39.75909
39.75908
39.75907
39.75906
39.7591
39.7591
39.7591
39.75911
39.75911
39.75911
39.75906
39.75907
39.75905
39.75904
39.75905
39.75906
